<?xml version="1.0"?>
<opencv_storage>
<calibration_Time>"Tue Feb 11 14:07:25 2014"</calibration_Time>
<!--
  This data is generated for odroid XU camera
-->
<nrOfFrames>50</nrOfFrames>
<image_Width>640</image_Width>
<image_Height>480</image_Height>
<board_Width>11</board_Width>
<board_Height>7</board_Height>
<square_Size>1.8340000152587891e+01</square_Size>
<FixAspectRatio>1.</FixAspectRatio>
<!-- flags:  +fix_aspectRatio +fix_principal_point +zero_tangent_dist -->
<flagValue>14</flagValue>
<Camera_Matrix type_id="opencv-matrix">
  <rows>3</rows>
  <cols>3</cols>
  <dt>d</dt>
  <data>
    7.7924145181593940e+02 0. 3.1950000000000000e+02 0.
    7.7924145181593940e+02 2.3950000000000000e+02 0. 0. 1.</data></Camera_Matrix>
<Distortion_Coefficients type_id="opencv-matrix">
  <rows>5</rows>
  <cols>1</cols>
  <dt>d</dt>
  <data>
    2.6134370384483296e-01 -2.2408561922940535e+00 0. 0.
    6.1062961666298383e+00</data></Distortion_Coefficients>
<Avg_Reprojection_Error>5.0345783581579728e-01</Avg_Reprojection_Error>
<Per_View_Reprojection_Errors type_id="opencv-matrix">
  <rows>50</rows>
  <cols>1</cols>
  <dt>f</dt>
  <data>
    3.77106041e-01 4.01674658e-01 4.39213604e-01 5.68997741e-01
    1.11823487e+00 2.27544576e-01 2.71542251e-01 8.01802814e-01
    4.55288410e-01 4.32143807e-01 2.87037790e-01 1.27925798e-01
    1.16980717e-01 1.55384943e-01 1.87687278e-01 2.25688696e-01
    2.55947948e-01 2.14454889e-01 3.06964457e-01 2.71115541e-01
    2.60302067e-01 2.60035962e-01 2.22042769e-01 2.49653935e-01
    4.55039918e-01 2.16979668e-01 2.84832507e-01 3.06552500e-01
    2.59829819e-01 2.30189770e-01 1.26178995e-01 3.23869079e-01
    2.91819453e-01 2.20473513e-01 2.00705066e-01 2.12028399e-01
    2.26177320e-01 2.62694508e-01 4.16975558e-01 3.95947486e-01
    6.44484520e-01 5.79838276e-01 3.41153651e-01 5.55202186e-01
    8.34565699e-01 6.16668820e-01 1.26554048e+00 7.89725363e-01
    1.60047734e+00 5.57904780e-01</data></Per_View_Reprojection_Errors>
<!-- a set of 6-tuples (rotation vector + translation vector) for each view -->
<Extrinsic_Parameters type_id="opencv-matrix">
  <rows>50</rows>
  <cols>6</cols>
  <dt>d</dt>
  <data>
    6.3530345465854110e-01 -1.0701868452576521e-01
    -3.9921156161759591e-01 -7.3162795490426461e+01
    2.6662138181418964e+00 5.2333347714340152e+02 6.6228154031594655e-02
    -5.8892251158897790e-01 -2.6744536369753963e-01
    -5.5237358498284706e+01 -3.0423739379534528e+01
    5.2028592711091767e+02 1.1348039966277845e-01 1.4219447263044555e-01
    -1.5566118002277579e-01 -1.4851518801878652e+02
    -1.8185813944536910e+01 3.9928196034687699e+02
    1.5864897741547854e-01 3.0050142811638597e-01
    -1.9972600811302796e-01 -1.0620489225501350e+02
    -4.6952857614878440e+01 3.6867162707267744e+02
    1.4505729396165592e-02 -2.7206848010153967e-01
    -1.9407368521057122e-01 -1.9500023762235750e+02
    -3.7211392688237474e+01 5.0322862548464730e+02
    3.3365518124605054e-01 -3.6576533727903132e-01
    -8.4022705964553954e-02 -9.4689167915800034e+00
    -3.2646448032659414e+01 6.4486894167483717e+02
    -3.0444194080266990e-01 -1.7053848591088600e-01
    1.0035012477051670e-01 -1.4641229564852390e+01
    3.7222349122954881e+01 6.5956817621622304e+02
    -2.8600649915195697e-01 1.5521490101374111e-01
    1.5505886911185709e-01 -2.0548392150517948e+01
    2.0115114435690989e-01 5.7681507626686084e+02 6.0103899310096676e-01
    -1.0557906070385125e-02 -1.3518726523688799e-02
    -1.2703287745029098e+02 -1.2440429021782029e+02
    4.5465429635043967e+02 6.7298981526600476e-01 1.4609965833174673e-01
    -3.0890657133382772e-02 -1.7811944454115087e+02
    -1.1439223206010676e+02 4.5155336167944915e+02
    4.6572002190240774e-01 1.4015792310908487e-01
    -6.4891940247271351e-02 -1.2103484777314559e+02
    -1.4218345391601918e+02 7.9773285434057686e+02
    2.3077034006819536e-01 9.2193208651876230e-04
    -1.3407232270081962e-01 -2.9686145507714025e+02
    -1.2526069924324470e+02 9.9832832881505556e+02
    4.8113315308939891e-01 -1.9925094052162856e-01
    3.0786956650737096e+00 5.5347666173273943e+01
    -2.3769584654967641e+01 8.7985389682816435e+02
    3.4427085067917756e-01 3.8099132297128407e-01
    -8.9750661574714896e-02 -8.9014382777224483e+01
    -2.0939724145836098e+02 8.5213541889080352e+02
    3.6391427858365349e-01 5.7854035598678855e-01
    -6.4725285508315619e-02 1.0216419013971532e+01
    -1.8970148220187761e+02 7.9215783615088787e+02
    4.1026156022168858e-01 6.7089500277014280e-01
    -5.8953662619345440e-02 7.3862465149954474e+01
    -1.7727686769188716e+02 7.5334054396660326e+02
    3.2346771596911955e-01 6.5340271251432525e-01
    -4.3385038276796281e-02 8.8833214479577606e+01
    -1.3678257940025543e+02 7.5956369652714238e+02
    2.8139837808065826e-01 6.7040116118595949e-01
    -3.3068592920974291e-02 8.1577346603205413e+01
    -1.0440091099936306e+02 7.6989654648657631e+02
    1.2713749084270839e-01 5.3596871323880080e-01
    -8.2232244095327579e-03 1.0010683309788531e+02
    -5.4356917230055693e+01 7.9092803799015576e+02
    6.8419515809157727e-02 5.4976681051727971e-01 5.2162725522541503e-02
    9.4068501384783275e+01 -1.4373568467822540e+01
    7.9443212654028503e+02 -2.4147469624240345e-01
    4.7962250589953831e-01 1.0894590770405548e-01 1.0038211110187081e+02
    2.7492083471443568e+01 8.2681415138622253e+02
    -3.2399792668920119e-01 6.2777333859263995e-01
    2.1294235779390891e-01 1.0621752626431923e+02 4.9416944606105496e+01
    7.9246333360288281e+02 -3.0710565340887352e-01
    6.7881581672310298e-01 2.5686848259099554e-01 1.0357079733002793e+02
    4.3135906254143286e+01 7.8405320628490119e+02
    -2.9325694424543958e-01 8.0526301518736987e-01
    2.7809972523610271e-01 1.1208869574324871e+02 2.2868268815034945e+01
    7.4687222512849132e+02 -2.7133017174667817e-01
    2.9894601973242152e-01 4.4073955995022542e-02 8.7819803584577826e+01
    1.3038218000543054e+01 7.3373412906114754e+02
    -3.5770314906130896e-01 9.0794852869991297e-02
    -2.2902463858717602e-02 2.3935153353892616e+01
    2.4950369347251051e+01 7.6711369249200277e+02
    -3.9324717303937601e-01 9.7552015293054642e-02
    5.8508386946803957e-02 -6.3008605735902989e+01
    5.8550727562882166e+01 7.4068301398041194e+02
    -3.9511442297809379e-01 1.2541665326428225e-01
    2.5486691368415821e-02 -1.1506552016471477e+02
    6.2777451706256620e+01 7.4112847034994286e+02
    -3.8586737137763560e-01 2.2237907502004824e-02
    5.5941973955372273e-02 -1.9064403476521687e+02
    6.6423368084822556e+01 7.3015432800034830e+02
    -3.8437915400099348e-01 -1.2731115261912129e-01
    1.2499146939243462e-01 -2.4973350959693707e+02
    6.3283797503040624e+01 7.4805221541835681e+02
    -1.8346068615245771e-02 5.4426216267737327e-03
    -7.5209083601856710e-03 -2.8467637070063114e+02
    5.7927850298244232e+00 7.4081276571583487e+02
    -1.9319919380653180e-01 -2.8169472738064499e-01
    -6.4726713795750849e-06 -2.4195041244478151e+02
    -1.3777724416125872e+00 7.1448650624961920e+02
    -2.3340328350493036e-01 -3.3339097360307712e-01
    -1.8763848756163184e-04 -2.4959191751729941e+02
    -6.6182395890940555e+01 6.6046978905226365e+02
    -2.4430407880048302e-01 -2.6901042974168382e-01
    1.1053993134792123e-02 -2.3518747456449432e+02
    -1.2151539349534436e+02 6.6252111927996032e+02
    1.6836487107235035e-01 -9.4684740203704140e-02
    2.9224366940481573e-02 -2.2459042081483193e+02
    -1.6155265701684041e+02 6.2327715133559764e+02
    2.0607787091587657e-01 2.6042896477803201e-01 1.4246091335412744e-01
    -1.8678923292419748e+02 -1.5609896334184157e+02
    6.1762674350511429e+02 -2.4092071394832631e-02
    4.5132532454746488e-01 -1.0380020233529434e-02
    -9.3524566644579224e+01 -1.0751983942788672e+02
    5.4785971253762057e+02 -2.2954880427270664e-02
